Solving systems of linear equations with matrix 'gemMat1' and augmented column 'augCol1'...

Step 1:

1.00,  2.00, -3.00, 0.00,  1.00
0.00, -3.00,  3.00, 1.00, -2.00
0.00,  2.00, -2.00, 0.00,  3.00
0.00, -3.00,  7.00, 1.00, -2.00


Step 2:

1.00,  2.00, -3.00, 0.00,  1.00
0.00, -3.00,  3.00, 1.00, -2.00
0.00,  0.00,  0.00, 0.67,  1.67
0.00,  0.00,  4.00, 0.00,  0.00


Step 3:

1.00,  2.00, -3.00, 0.00,  1.00
0.00, -3.00,  3.00, 1.00, -2.00
0.00,  0.00,  4.00, 0.00,  0.00
0.00,  0.00,  0.00, 0.67,  1.67


Step 4:

1.00,  2.00, -3.00, 0.00,  1.00
0.00, -3.00,  3.00, 1.00, -2.00
0.00,  0.00,  4.00, 0.00,  0.00
0.00,  0.00,  0.00, 0.67,  1.67


Step 5:

1.00,  0.00, -1.00, 0.67, -0.33
0.00, -3.00,  3.00, 1.00, -2.00
0.00,  0.00,  4.00, 0.00,  0.00
0.00,  0.00,  0.00, 0.67,  1.67


Step 6:

1.00, 0.00, -1.00,  0.67, -0.33
0.00, 1.00, -1.00, -0.33,  0.67
0.00, 0.00,  4.00,  0.00,  0.00
0.00, 0.00,  0.00,  0.67,  1.67


Step 7:

1.00, 0.00, -1.00,  0.67, -0.33
0.00, 1.00,  0.00, -0.33,  0.67
0.00, 0.00,  4.00,  0.00,  0.00
0.00, 0.00,  0.00,  0.67,  1.67


Step 8:

1.00, 0.00, 0.00,  0.67, -0.33
0.00, 1.00, 0.00, -0.33,  0.67
0.00, 0.00, 4.00,  0.00,  0.00
0.00, 0.00, 0.00,  0.67,  1.67


Step 9:

1.00, 0.00, 0.00,  0.67, -0.33
0.00, 1.00, 0.00, -0.33,  0.67
0.00, 0.00, 1.00,  0.00,  0.00
0.00, 0.00, 0.00,  0.67,  1.67


Step 10:

1.00, 0.00, 0.00, 0.67, -0.33
0.00, 1.00, 0.00, 0.00,  1.50
0.00, 0.00, 1.00, 0.00,  0.00
0.00, 0.00, 0.00, 0.67,  1.67


Step 11:

1.00, 0.00, 0.00, 0.00, -2.00
0.00, 1.00, 0.00, 0.00,  1.50
0.00, 0.00, 1.00, 0.00,  0.00
0.00, 0.00, 0.00, 0.67,  1.67


Step 12:

1.00, 0.00, 0.00, 0.00, -2.00
0.00, 1.00, 0.00, 0.00,  1.50
0.00, 0.00, 1.00, 0.00,  0.00
0.00, 0.00, 0.00, 1.00,  2.50



Solution:

x1 = - 2
x2 = + 1.5
x3 = + 0
x4 = + 2.5

