Solving systems of linear equations with matrix 'gemMat3' and augmented column 'augCol3'...

Step 1:

3.00, -1.00, -1.00,  0.00,  2.00
0.00, -0.67,  0.33,  1.00,  4.33
0.00,  1.00, -2.00,  2.00,  0.00
0.00,  2.67, -1.33, -4.00, -0.33


Step 2:

3.00, -1.00, -1.00, 0.00,  2.00
0.00, -0.67,  0.33, 1.00,  4.33
0.00,  0.00, -1.50, 3.50,  6.50
0.00,  0.00,  0.00, 0.00, 17.00


Step 3:

3.00, -1.00, -1.00, 0.00,  2.00
0.00, -0.67,  0.33, 1.00,  4.33
0.00,  0.00, -1.50, 3.50,  6.50
0.00,  0.00,  0.00, 0.00, 17.00


Step 4:

3.00,  0.00, -1.50, -1.50, -4.50
0.00, -0.67,  0.33,  1.00,  4.33
0.00,  0.00, -1.50,  3.50,  6.50
0.00,  0.00,  0.00,  0.00, 17.00


Step 5:

3.00, 0.00, -1.50, -1.50, -4.50
0.00, 1.00, -0.50, -1.50, -6.50
0.00, 0.00, -1.50,  3.50,  6.50
0.00, 0.00,  0.00,  0.00, 17.00


Step 6:

3.00, 0.00, -1.50, -1.50, -4.50
0.00, 1.00,  0.00, -2.67, -8.67
0.00, 0.00, -1.50,  3.50,  6.50
0.00, 0.00,  0.00,  0.00, 17.00


Step 7:

3.00, 0.00,  0.00, -5.00, -11.00
0.00, 1.00,  0.00, -2.67,  -8.67
0.00, 0.00, -1.50,  3.50,   6.50
0.00, 0.00,  0.00,  0.00,  17.00


Step 8:

3.00, 0.00, 0.00, -5.00, -11.00
0.00, 1.00, 0.00, -2.67,  -8.67
0.00, 0.00, 1.00, -2.33,  -4.33
0.00, 0.00, 0.00,  0.00,  17.00



Solution:

No solution.

